232 219 205 3
226 199 152 3
222 210 183 4
238 230 217 4
229 203 154 5
220 201 190 3
215 201 178 3
232 209 165 4
222 214 205 1
209 197 185 4
241 167 30 375
250 223 55 326
230 187 24 342
237 175 75 393
226 165 32 324
189 122 27 398
216 155 42 384
214 173 44 313
161 128 19 328
213 179 69 377
190 41 35 10
248 145 58 24
230 63 17 10
147 35 25 22
244 62 38 17
255 105 77 23
244 50 43 22
254 46 32 21
229 82 72 22
238 79 52 13
137 15 18 141
104 5 12 155
161 65 68 141
210 160 147 169
201 59 54 188
169 34 44 180
201 81 57 119
137 47 56 171
135 27 25 137
199 97 71 137
